2022/07/06-11:35:41.884674 7f98a295ba00 RocksDB version: 6.20.3
2022/07/06-11:35:41.885992 7f98a295ba00 Git sha 01028f411f86e930a5436f757837da08a3f48f1a
2022/07/06-11:35:41.885995 7f98a295ba00 Compile date 2021-07-31 16:27:06
2022/07/06-11:35:41.886064 7f98a295ba00 DB SUMMARY
2022/07/06-11:35:41.886066 7f98a295ba00 DB Session ID:  65I5ZVEA6E3BSJ3ML0LL
2022/07/06-11:35:41.890370 7f98a295ba00 SST files in /data/meta dir, Total Num: 0, files: 
2022/07/06-11:35:41.890380 7f98a295ba00 Write Ahead Log file in /data/meta: 
2022/07/06-11:35:41.890384 7f98a295ba00                         Options.error_if_exists: 0
2022/07/06-11:35:41.890386 7f98a295ba00                       Options.create_if_missing: 1
2022/07/06-11:35:41.890387 7f98a295ba00                         Options.paranoid_checks: 1
2022/07/06-11:35:41.890388 7f98a295ba00                               Options.track_and_verify_wals_in_manifest: 0
2022/07/06-11:35:41.890389 7f98a295ba00                                     Options.env: 0x458b740
2022/07/06-11:35:41.890391 7f98a295ba00                                      Options.fs: Posix File System
2022/07/06-11:35:41.890392 7f98a295ba00                                Options.info_log: 0x7f98a03241a0
2022/07/06-11:35:41.890394 7f98a295ba00                Options.max_file_opening_threads: 16
2022/07/06-11:35:41.890395 7f98a295ba00                              Options.statistics: (nil)
2022/07/06-11:35:41.890396 7f98a295ba00                               Options.use_fsync: 0
2022/07/06-11:35:41.890397 7f98a295ba00                       Options.max_log_file_size: 0
2022/07/06-11:35:41.890398 7f98a295ba00                  Options.max_manifest_file_size: 1073741824
2022/07/06-11:35:41.890400 7f98a295ba00                   Options.log_file_time_to_roll: 0
2022/07/06-11:35:41.890401 7f98a295ba00                       Options.keep_log_file_num: 1000
2022/07/06-11:35:41.890402 7f98a295ba00                    Options.recycle_log_file_num: 0
2022/07/06-11:35:41.890403 7f98a295ba00                         Options.allow_fallocate: 1
2022/07/06-11:35:41.890405 7f98a295ba00                        Options.allow_mmap_reads: 0
2022/07/06-11:35:41.890406 7f98a295ba00                       Options.allow_mmap_writes: 0
2022/07/06-11:35:41.890407 7f98a295ba00                        Options.use_direct_reads: 0
2022/07/06-11:35:41.890408 7f98a295ba00                        Options.use_direct_io_for_flush_and_compaction: 0
2022/07/06-11:35:41.890409 7f98a295ba00          Options.create_missing_column_families: 0
2022/07/06-11:35:41.890410 7f98a295ba00                              Options.db_log_dir: 
2022/07/06-11:35:41.890411 7f98a295ba00                                 Options.wal_dir: /data/meta
2022/07/06-11:35:41.890412 7f98a295ba00                Options.table_cache_numshardbits: 6
2022/07/06-11:35:41.890413 7f98a295ba00                         Options.WAL_ttl_seconds: 86400
2022/07/06-11:35:41.890414 7f98a295ba00                       Options.WAL_size_limit_MB: 1024
2022/07/06-11:35:41.890416 7f98a295ba00                        Options.max_write_batch_group_size_bytes: 1048576
2022/07/06-11:35:41.890417 7f98a295ba00             Options.manifest_preallocation_size: 4194304
2022/07/06-11:35:41.890418 7f98a295ba00                     Options.is_fd_close_on_exec: 1
2022/07/06-11:35:41.890419 7f98a295ba00                   Options.advise_random_on_open: 1
2022/07/06-11:35:41.890420 7f98a295ba00                    Options.db_write_buffer_size: 0
2022/07/06-11:35:41.890421 7f98a295ba00                    Options.write_buffer_manager: 0x7f98a034b730
2022/07/06-11:35:41.890422 7f98a295ba00         Options.access_hint_on_compaction_start: 1
2022/07/06-11:35:41.890424 7f98a295ba00  Options.new_table_reader_for_compaction_inputs: 0
2022/07/06-11:35:41.890425 7f98a295ba00           Options.random_access_max_buffer_size: 1048576
2022/07/06-11:35:41.890426 7f98a295ba00                      Options.use_adaptive_mutex: 0
2022/07/06-11:35:41.890427 7f98a295ba00                            Options.rate_limiter: (nil)
2022/07/06-11:35:41.890429 7f98a295ba00     Options.sst_file_manager.rate_bytes_per_sec: 0
2022/07/06-11:35:41.890430 7f98a295ba00                       Options.wal_recovery_mode: 2
2022/07/06-11:35:41.891366 7f98a295ba00                  Options.enable_thread_tracking: 0
2022/07/06-11:35:41.891373 7f98a295ba00                  Options.enable_pipelined_write: 0
2022/07/06-11:35:41.891375 7f98a295ba00                  Options.unordered_write: 0
2022/07/06-11:35:41.891376 7f98a295ba00         Options.allow_concurrent_memtable_write: 1
2022/07/06-11:35:41.891377 7f98a295ba00      Options.enable_write_thread_adaptive_yield: 1
2022/07/06-11:35:41.891378 7f98a295ba00             Options.write_thread_max_yield_usec: 100
2022/07/06-11:35:41.891380 7f98a295ba00            Options.write_thread_slow_yield_usec: 3
2022/07/06-11:35:41.891381 7f98a295ba00                               Options.row_cache: None
2022/07/06-11:35:41.891382 7f98a295ba00                              Options.wal_filter: None
2022/07/06-11:35:41.891384 7f98a295ba00             Options.avoid_flush_during_recovery: 0
2022/07/06-11:35:41.891385 7f98a295ba00             Options.allow_ingest_behind: 0
2022/07/06-11:35:41.891386 7f98a295ba00             Options.preserve_deletes: 0
2022/07/06-11:35:41.891387 7f98a295ba00             Options.two_write_queues: 0
2022/07/06-11:35:41.891388 7f98a295ba00             Options.manual_wal_flush: 0
2022/07/06-11:35:41.891389 7f98a295ba00             Options.atomic_flush: 0
2022/07/06-11:35:41.891391 7f98a295ba00             Options.avoid_unnecessary_blocking_io: 0
2022/07/06-11:35:41.891392 7f98a295ba00                 Options.persist_stats_to_disk: 0
2022/07/06-11:35:41.891393 7f98a295ba00                 Options.write_dbid_to_manifest: 0
2022/07/06-11:35:41.891394 7f98a295ba00                 Options.log_readahead_size: 0
2022/07/06-11:35:41.891396 7f98a295ba00                 Options.file_checksum_gen_factory: Unknown
2022/07/06-11:35:41.891397 7f98a295ba00                 Options.best_efforts_recovery: 0
2022/07/06-11:35:41.891398 7f98a295ba00                Options.max_bgerror_resume_count: 2147483647
2022/07/06-11:35:41.891399 7f98a295ba00            Options.bgerror_resume_retry_interval: 1000000
2022/07/06-11:35:41.891401 7f98a295ba00             Options.allow_data_in_errors: 0
2022/07/06-11:35:41.891402 7f98a295ba00             Options.db_host_id: __hostname__
2022/07/06-11:35:41.891404 7f98a295ba00             Options.max_background_jobs: 16
2022/07/06-11:35:41.891405 7f98a295ba00             Options.max_background_compactions: -1
2022/07/06-11:35:41.891406 7f98a295ba00             Options.max_subcompactions: 1
2022/07/06-11:35:41.891408 7f98a295ba00             Options.avoid_flush_during_shutdown: 0
2022/07/06-11:35:41.891409 7f98a295ba00           Options.writable_file_max_buffer_size: 1048576
2022/07/06-11:35:41.891410 7f98a295ba00             Options.delayed_write_rate : 16777216
2022/07/06-11:35:41.891411 7f98a295ba00             Options.max_total_wal_size: 0
2022/07/06-11:35:41.891413 7f98a295ba00             Options.delete_obsolete_files_period_micros: 21600000000
2022/07/06-11:35:41.891414 7f98a295ba00                   Options.stats_dump_period_sec: 600
2022/07/06-11:35:41.891415 7f98a295ba00                 Options.stats_persist_period_sec: 600
2022/07/06-11:35:41.891416 7f98a295ba00                 Options.stats_history_buffer_size: 1048576
2022/07/06-11:35:41.891418 7f98a295ba00                          Options.max_open_files: -1
2022/07/06-11:35:41.891419 7f98a295ba00                          Options.bytes_per_sync: 0
2022/07/06-11:35:41.891420 7f98a295ba00                      Options.wal_bytes_per_sync: 0
2022/07/06-11:35:41.891421 7f98a295ba00                   Options.strict_bytes_per_sync: 0
2022/07/06-11:35:41.891422 7f98a295ba00       Options.compaction_readahead_size: 0
2022/07/06-11:35:41.891423 7f98a295ba00                  Options.max_background_flushes: -1
2022/07/06-11:35:41.891424 7f98a295ba00 Compression algorithms supported:
2022/07/06-11:35:41.891426 7f98a295ba00 	kZSTDNotFinalCompression supported: 0
2022/07/06-11:35:41.891428 7f98a295ba00 	kZSTD supported: 0
2022/07/06-11:35:41.891430 7f98a295ba00 	kXpressCompression supported: 0
2022/07/06-11:35:41.892049 7f98a295ba00 	kLZ4HCCompression supported: 0
2022/07/06-11:35:41.892056 7f98a295ba00 	kLZ4Compression supported: 0
2022/07/06-11:35:41.892057 7f98a295ba00 	kBZip2Compression supported: 0
2022/07/06-11:35:41.892059 7f98a295ba00 	kZlibCompression supported: 1
2022/07/06-11:35:41.892060 7f98a295ba00 	kSnappyCompression supported: 1
2022/07/06-11:35:41.892064 7f98a295ba00 Fast CRC32 supported: Not supported on x86
2022/07/06-11:35:41.918206 7f98a295ba00 [/db_impl/db_impl_open.cc:285] Creating manifest 1 
2022/07/06-11:35:41.952424 7f98a295ba00 [/version_set.cc:4626] Recovering from manifest file: /data/meta/MANIFEST-000001
2022/07/06-11:35:41.959692 7f98a295ba00 [/column_family.cc:596] --------------- Options for column family [default]:
2022/07/06-11:35:41.959708 7f98a295ba00               Options.comparator: leveldb.BytewiseComparator
2022/07/06-11:35:41.959717 7f98a295ba00           Options.merge_operator: UInt64AddOperator
2022/07/06-11:35:41.959721 7f98a295ba00        Options.compaction_filter: None
2022/07/06-11:35:41.959723 7f98a295ba00        Options.compaction_filter_factory: None
2022/07/06-11:35:41.959726 7f98a295ba00  Options.sst_partitioner_factory: None
2022/07/06-11:35:41.959729 7f98a295ba00         Options.memtable_factory: SkipListFactory
2022/07/06-11:35:41.959732 7f98a295ba00            Options.table_factory: BlockBasedTable
2022/07/06-11:35:41.959803 7f98a295ba00            table_factory options:   flush_block_policy_factory: FlushBlockBySizePolicyFactory (0x7f98a1608040)
  cache_index_and_filter_blocks: 0
  cache_index_and_filter_blocks_with_high_priority: 1
  pin_l0_filter_and_index_blocks_in_cache: 0
  pin_top_level_index_and_filter: 1
  index_type: 0
  data_block_index_type: 0
  index_shortening: 1
  data_block_hash_table_util_ratio: 0.750000
  hash_index_allow_collision: 1
  checksum: 1
  no_block_cache: 0
  block_cache: 0x7f98a0467a10
  block_cache_name: LRUCache
  block_cache_options:
    capacity : 8388608
    num_shard_bits : 4
    strict_capacity_limit : 0
    memory_allocator : None
    high_pri_pool_ratio: 0.000
  block_cache_compressed: (nil)
  persistent_cache: (nil)
  block_size: 4096
  block_size_deviation: 10
  block_restart_interval: 16
  index_block_restart_interval: 1
  metadata_block_size: 4096
  partition_filters: 0
  use_delta_encoding: 1
  filter_policy: nullptr
  whole_key_filtering: 1
  verify_compression: 0
  read_amp_bytes_per_bit: 0
  format_version: 5
  enable_index_compression: 1
  block_align: 0
2022/07/06-11:35:41.959818 7f98a295ba00        Options.write_buffer_size: 4194304
2022/07/06-11:35:41.959821 7f98a295ba00  Options.max_write_buffer_number: 2
2022/07/06-11:35:41.959824 7f98a295ba00        Options.compression[0]: NoCompression
2022/07/06-11:35:41.959826 7f98a295ba00        Options.compression[1]: NoCompression
2022/07/06-11:35:41.959829 7f98a295ba00        Options.compression[2]: Snappy
2022/07/06-11:35:41.959830 7f98a295ba00        Options.compression[3]: Snappy
2022/07/06-11:35:41.959832 7f98a295ba00        Options.compression[4]: Snappy
2022/07/06-11:35:41.959834 7f98a295ba00        Options.compression[5]: Snappy
2022/07/06-11:35:41.959841 7f98a295ba00        Options.compression[6]: Snappy
2022/07/06-11:35:41.959843 7f98a295ba00                  Options.bottommost_compression: Disabled
2022/07/06-11:35:41.959846 7f98a295ba00       Options.prefix_extractor: nullptr
2022/07/06-11:35:41.959848 7f98a295ba00   Options.memtable_insert_with_hint_prefix_extractor: nullptr
2022/07/06-11:35:41.959851 7f98a295ba00             Options.num_levels: 7
2022/07/06-11:35:41.959853 7f98a295ba00        Options.min_write_buffer_number_to_merge: 1
2022/07/06-11:35:41.959855 7f98a295ba00     Options.max_write_buffer_number_to_maintain: 0
2022/07/06-11:35:41.959857 7f98a295ba00     Options.max_write_buffer_size_to_maintain: 0
2022/07/06-11:35:41.959860 7f98a295ba00            Options.bottommost_compression_opts.window_bits: -14
2022/07/06-11:35:41.959867 7f98a295ba00                  Options.bottommost_compression_opts.level: 32767
2022/07/06-11:35:41.960418 7f98a295ba00               Options.bottommost_compression_opts.strategy: 0
2022/07/06-11:35:41.960425 7f98a295ba00         Options.bottommost_compression_opts.max_dict_bytes: 0
2022/07/06-11:35:41.960428 7f98a295ba00         Options.bottommost_compression_opts.zstd_max_train_bytes: 0
2022/07/06-11:35:41.960430 7f98a295ba00         Options.bottommost_compression_opts.parallel_threads: 1
2022/07/06-11:35:41.960433 7f98a295ba00                  Options.bottommost_compression_opts.enabled: false
2022/07/06-11:35:41.960436 7f98a295ba00         Options.bottommost_compression_opts.max_dict_buffer_bytes: 0
2022/07/06-11:35:41.960438 7f98a295ba00            Options.compression_opts.window_bits: -14
2022/07/06-11:35:41.960440 7f98a295ba00                  Options.compression_opts.level: 32767
2022/07/06-11:35:41.960443 7f98a295ba00               Options.compression_opts.strategy: 0
2022/07/06-11:35:41.960445 7f98a295ba00         Options.compression_opts.max_dict_bytes: 0
2022/07/06-11:35:41.960447 7f98a295ba00         Options.compression_opts.zstd_max_train_bytes: 0
2022/07/06-11:35:41.960449 7f98a295ba00         Options.compression_opts.parallel_threads: 1
2022/07/06-11:35:41.960451 7f98a295ba00                  Options.compression_opts.enabled: false
2022/07/06-11:35:41.960453 7f98a295ba00         Options.compression_opts.max_dict_buffer_bytes: 0
2022/07/06-11:35:41.960455 7f98a295ba00      Options.level0_file_num_compaction_trigger: 2
2022/07/06-11:35:41.960457 7f98a295ba00          Options.level0_slowdown_writes_trigger: 20
2022/07/06-11:35:41.960459 7f98a295ba00              Options.level0_stop_writes_trigger: 36
2022/07/06-11:35:41.960462 7f98a295ba00                   Options.target_file_size_base: 67108864
2022/07/06-11:35:41.960464 7f98a295ba00             Options.target_file_size_multiplier: 1
2022/07/06-11:35:41.960466 7f98a295ba00                Options.max_bytes_for_level_base: 536870912
2022/07/06-11:35:41.960468 7f98a295ba00 Options.level_compaction_dynamic_level_bytes: 0
2022/07/06-11:35:41.960471 7f98a295ba00          Options.max_bytes_for_level_multiplier: 10.000000
2022/07/06-11:35:41.960477 7f98a295ba00 Options.max_bytes_for_level_multiplier_addtl[0]: 1
2022/07/06-11:35:41.960480 7f98a295ba00 Options.max_bytes_for_level_multiplier_addtl[1]: 1
2022/07/06-11:35:41.960483 7f98a295ba00 Options.max_bytes_for_level_multiplier_addtl[2]: 1
2022/07/06-11:35:41.960485 7f98a295ba00 Options.max_bytes_for_level_multiplier_addtl[3]: 1
2022/07/06-11:35:41.960487 7f98a295ba00 Options.max_bytes_for_level_multiplier_addtl[4]: 1
2022/07/06-11:35:41.960490 7f98a295ba00 Options.max_bytes_for_level_multiplier_addtl[5]: 1
2022/07/06-11:35:41.960492 7f98a295ba00 Options.max_bytes_for_level_multiplier_addtl[6]: 1
2022/07/06-11:35:41.960494 7f98a295ba00       Options.max_sequential_skip_in_iterations: 8
2022/07/06-11:35:41.960497 7f98a295ba00                    Options.max_compaction_bytes: 1677721600
2022/07/06-11:35:41.960499 7f98a295ba00                        Options.arena_block_size: 524288
2022/07/06-11:35:41.960501 7f98a295ba00   Options.soft_pending_compaction_bytes_limit: 68719476736
2022/07/06-11:35:41.960504 7f98a295ba00   Options.hard_pending_compaction_bytes_limit: 274877906944
2022/07/06-11:35:41.960506 7f98a295ba00       Options.rate_limit_delay_max_milliseconds: 100
2022/07/06-11:35:41.960508 7f98a295ba00                Options.disable_auto_compactions: 0
2022/07/06-11:35:41.960513 7f98a295ba00                        Options.compaction_style: kCompactionStyleLevel
2022/07/06-11:35:41.960516 7f98a295ba00                          Options.compaction_pri: kMinOverlappingRatio
2022/07/06-11:35:41.960518 7f98a295ba00 Options.compaction_options_universal.size_ratio: 1
2022/07/06-11:35:41.960520 7f98a295ba00 Options.compaction_options_universal.min_merge_width: 2
2022/07/06-11:35:41.960523 7f98a295ba00 Options.compaction_options_universal.max_merge_width: 4294967295
2022/07/06-11:35:41.960525 7f98a295ba00 Options.compaction_options_universal.max_size_amplification_percent: 200
2022/07/06-11:35:41.960528 7f98a295ba00 Options.compaction_options_universal.compression_size_percent: -1
2022/07/06-11:35:41.961116 7f98a295ba00 Options.compaction_options_universal.stop_style: kCompactionStopStyleTotalSize
2022/07/06-11:35:41.961121 7f98a295ba00 Options.compaction_options_fifo.max_table_files_size: 1073741824
2022/07/06-11:35:41.961124 7f98a295ba00 Options.compaction_options_fifo.allow_compaction: 0
2022/07/06-11:35:41.961136 7f98a295ba00                   Options.table_properties_collectors: 
2022/07/06-11:35:41.961138 7f98a295ba00                   Options.inplace_update_support: 0
2022/07/06-11:35:41.961140 7f98a295ba00                 Options.inplace_update_num_locks: 10000
2022/07/06-11:35:41.961143 7f98a295ba00               Options.memtable_prefix_bloom_size_ratio: 0.000000
2022/07/06-11:35:41.961147 7f98a295ba00               Options.memtable_whole_key_filtering: 0
2022/07/06-11:35:41.961149 7f98a295ba00   Options.memtable_huge_page_size: 0
2022/07/06-11:35:41.961151 7f98a295ba00                           Options.bloom_locality: 0
2022/07/06-11:35:41.961153 7f98a295ba00                    Options.max_successive_merges: 0
2022/07/06-11:35:41.961155 7f98a295ba00                Options.optimize_filters_for_hits: 0
2022/07/06-11:35:41.961157 7f98a295ba00                Options.paranoid_file_checks: 0
2022/07/06-11:35:41.961159 7f98a295ba00                Options.force_consistency_checks: 1
2022/07/06-11:35:41.961161 7f98a295ba00                Options.report_bg_io_stats: 0
2022/07/06-11:35:41.961163 7f98a295ba00                               Options.ttl: 2592000
2022/07/06-11:35:41.961165 7f98a295ba00          Options.periodic_compaction_seconds: 0
2022/07/06-11:35:41.961167 7f98a295ba00                    Options.enable_blob_files: false
2022/07/06-11:35:41.961170 7f98a295ba00                        Options.min_blob_size: 0
2022/07/06-11:35:41.961172 7f98a295ba00                       Options.blob_file_size: 268435456
2022/07/06-11:35:41.961174 7f98a295ba00                Options.blob_compression_type: NoCompression
2022/07/06-11:35:41.961176 7f98a295ba00       Options.enable_blob_garbage_collection: false
2022/07/06-11:35:41.961179 7f98a295ba00   Options.blob_garbage_collection_age_cutoff: 0.250000
2022/07/06-11:35:41.967161 7f98a295ba00 [/version_set.cc:4666] Recovered from manifest file:/data/meta/MANIFEST-000001 succeeded,manifest_file_number is 1, next_file_number is 3, last_sequence is 0, log_number is 0,prev_log_number is 0,max_column_family is 0,min_log_number_to_keep is 0
2022/07/06-11:35:41.967179 7f98a295ba00 [/version_set.cc:4681] Column family [default] (ID 0), log number is 0
2022/07/06-11:35:41.976259 7f98a295ba00 [/version_set.cc:4118] Creating manifest 4
2022/07/06-11:35:42.055479 7f98a295ba00 [/db_impl/db_impl_open.cc:1756] SstFileManager instance 0x7f98a0284400
2022/07/06-11:35:42.058780 7f98a295ba00 DB pointer 0x7f98a02e8000
2022/07/06-11:35:45.059522 7f98443f1700 [/db_impl/db_impl.cc:931] ------- DUMPING STATS -------
2022/07/06-11:35:45.059562 7f98443f1700 [/db_impl/db_impl.cc:933] 
** DB Stats **
Uptime(secs): 3.1 total, 3.1 interval
Cumulative writes: 0 writes, 0 keys, 0 commit groups, 0.0 writes per commit group, ingest: 0.00 GB, 0.00 MB/s
Cumulative WAL: 0 writes, 0 syncs, 0.00 writes per sync, written: 0.00 GB, 0.00 MB/s
Cumulative stall: 00:00:0.000 H:M:S, 0.0 percent
Interval writes: 0 writes, 0 keys, 0 commit groups, 0.0 writes per commit group, ingest: 0.00 MB, 0.00 MB/s
Interval WAL: 0 writes, 0 syncs, 0.00 writes per sync, written: 0.00 MB, 0.00 MB/s
Interval stall: 00:00:0.000 H:M:S, 0.0 percent

** Compaction Stats [default] **
Level    Files   Size     Score Read(GB)  Rn(GB) Rnp1(GB) Write(GB) Wnew(GB) Moved(GB) W-Amp Rd(MB/s) Wr(MB/s) Comp(sec) CompMergeCPU(sec) Comp(cnt) Avg(sec) KeyIn KeyDrop Rblob(GB) Wblob(GB)
------------------------------------------------------------------------------------------------------------------------------------------------------------------------------------------------
 Sum      0/0    0.00 KB   0.0      0.0     0.0      0.0       0.0      0.0       0.0   0.0      0.0      0.0      0.00              0.00         0    0.000       0      0       0.0       0.0
 Int      0/0    0.00 KB   0.0      0.0     0.0      0.0       0.0      0.0       0.0   0.0      0.0      0.0      0.00              0.00         0    0.000       0      0       0.0       0.0

** Compaction Stats [default] **
Priority    Files   Size     Score Read(GB)  Rn(GB) Rnp1(GB) Write(GB) Wnew(GB) Moved(GB) W-Amp Rd(MB/s) Wr(MB/s) Comp(sec) CompMergeCPU(sec) Comp(cnt) Avg(sec) KeyIn KeyDrop Rblob(GB) Wblob(GB)
---------------------------------------------------------------------------------------------------------------------------------------------------------------------------------------------------

Blob file count: 0, total size: 0.0 GB

Uptime(secs): 3.1 total, 3.1 interval
Flush(GB): cumulative 0.000, interval 0.000
AddFile(GB): cumulative 0.000, interval 0.000
AddFile(Total Files): cumulative 0, interval 0
AddFile(L0 Files): cumulative 0, interval 0
AddFile(Keys): cumulative 0, interval 0
Cumulative compaction: 0.00 GB write, 0.00 MB/s write, 0.00 GB read, 0.00 MB/s read, 0.0 seconds
Interval compaction: 0.00 GB write, 0.00 MB/s write, 0.00 GB read, 0.00 MB/s read, 0.0 seconds
Stalls(count): 0 level0_slowdown, 0 level0_slowdown_with_compaction, 0 level0_numfiles, 0 level0_numfiles_with_compaction, 0 stop for pending_compaction_bytes, 0 slowdown for pending_compaction_bytes, 0 memtable_compaction, 0 memtable_slowdown, interval 0 total count

** File Read Latency Histogram By Level [default] **

** Compaction Stats [default] **
Level    Files   Size     Score Read(GB)  Rn(GB) Rnp1(GB) Write(GB) Wnew(GB) Moved(GB) W-Amp Rd(MB/s) Wr(MB/s) Comp(sec) CompMergeCPU(sec) Comp(cnt) Avg(sec) KeyIn KeyDrop Rblob(GB) Wblob(GB)
------------------------------------------------------------------------------------------------------------------------------------------------------------------------------------------------
 Sum      0/0    0.00 KB   0.0      0.0     0.0      0.0       0.0      0.0       0.0   0.0      0.0      0.0      0.00              0.00         0    0.000       0      0       0.0       0.0
 Int      0/0    0.00 KB   0.0      0.0     0.0      0.0       0.0      0.0       0.0   0.0      0.0      0.0      0.00              0.00         0    0.000       0      0       0.0       0.0

** Compaction Stats [default] **
Priority    Files   Size     Score Read(GB)  Rn(GB) Rnp1(GB) Write(GB) Wnew(GB) Moved(GB) W-Amp Rd(MB/s) Wr(MB/s) Comp(sec) CompMergeCPU(sec) Comp(cnt) Avg(sec) KeyIn KeyDrop Rblob(GB) Wblob(GB)
---------------------------------------------------------------------------------------------------------------------------------------------------------------------------------------------------

Blob file count: 0, total size: 0.0 GB

Uptime(secs): 3.1 total, 0.0 interval
Flush(GB): cumulative 0.000, interval 0.000
AddFile(GB): cumulative 0.000, interval 0.000
AddFile(Total Files): cumulative 0, interval 0
AddFile(L0 Files): cumulative 0, interval 0
AddFile(Keys): cumulative 0, interval 0
Cumulative compaction: 0.00 GB write, 0.00 MB/s write, 0.00 GB read, 0.00 MB/s read, 0.0 seconds
Interval compaction: 0.00 GB write, 0.00 MB/s write, 0.00 GB read, 0.00 MB/s read, 0.0 seconds
Stalls(count): 0 level0_slowdown, 0 level0_slowdown_with_compaction, 0 level0_numfiles, 0 level0_numfiles_with_compaction, 0 stop for pending_compaction_bytes, 0 slowdown for pending_compaction_bytes, 0 memtable_compaction, 0 memtable_slowdown, interval 0 total count

** File Read Latency Histogram By Level [default] **
2022/07/06-11:37:54.272475 7f98a295ba00 [/db_impl/db_impl.cc:462] Shutdown: canceling all background work
2022/07/06-11:37:54.286945 7f98a295ba00 [/db_impl/db_impl.cc:642] Shutdown complete
